64
00000000000000000000000000000000000000000000000000000000000000000000000001000000000000000111110000000000000000000000000000000000
00000000000000000000000000000000000000000000000000000000000000000000000000011000011100001000000000000000000000000000000000000000
00000000000000000000000000000000000000000000000000000000000000000000000000000011100000110001101001111000000000000000000000000000
00000000000000000000000000000000000000000000000000000000000000000000000000110001000000000110101011001111111111110000000000000000
00000000000000000000000000000000000000000000000000000000000000000000000000001000000000000100001110000000001111111111111110000000
00000000000000000000000000000000000000000000000000000000000000000000000010001000000000000010001100000000000000000000000000110000
00000000000000000000000000000000000000000000000000000000000000000000000010110000000000000001101100000000000000000000000000001000
00000000000000000000000000000000000000000000000000000000000000000000000010000000000000000000101010000000000000000000000000000000
00000000000000000000000000000000000000000000000000000000000000000000000010000000000000000000000010000000000000000000000000000000
00000000000000000000000000000000000000000000000000000000000000000000000000000000000000000000000001100000000000000111110000000000
00001100000000000000000000000000000000000000000000000000000000000000000000000000000000000000001000011110000111111110001100000010
00011110000010000000000000000000000000001100000000000000000000000000000000000000000000000000001000000011111110000000000010000010
00011000100110101000101010111011100110001101010001110101011011101110000000000000000000000000001000000000000000000000000010000000
00001100100010101000101011101010011100001101010000010101010000101100000000000000000000000000000000000000000000000000000010000010
00000010100010101000011011110010010110001101010001010101010010100110000000000000000000000000000000000000000000000000000010000010
00011110100010111000010010111010010011000101110001110111010010101010000000000000000000000000000000000000000000000000001100000010
00000000000000000000000000000000000000000000000000000000000000000000000000000110000000100000001111111111111111111111111000000010
00000000000000000000000000000000000000000000000000000000000000000000000100000110011101110001111110011111000000000000000000000100
00000000000000000000000000000000000000000000000000000000000000000000111111100000111110100110001000000000000000000000000000000100
00000000000000000000000000000000000000000000000000000000000000000000000000011000011100000000001000000000000000000000000000001000
00000000000000000000000000000000000000000000000000000000000000000000000010000000011000001110000000000000000000000000001000001000
00000000000000000000000000000000000000000000000100000000000000000000000011110000001000000011110000000000000000000000000100010000
00000100000000000100000000000000000000000000001110000000000000000000001111000000001000001000011100000000000000000000000011100000
00011100110111000111001011001100101011100001100010000000000000000000001000001001001000000110100000000000000000000000000011000000
00010111111110000100101110010010101010000011000110000000000000000000000000110000110111000011000000000000000000000000000010000000
00010111100011000100101011010010101001100001100010000000000000000000000001011000000000000001100000000000000010000000000010000000
00011101110001000111001001101110111010100000001110000000000000000000000010000100000000000100100000000000000100000000000010000000
00000000000000000000000000000000000000000000000100000000000000000000000000000011100000011000010000000000000100000000000010000000
00000000000000000000000000000000000000000000000000000000000000000000000000000001111111100000000000000000001100000000000010000000
00000000000000000000000000000000000000000000000000000000000000000000000000000110000000000000000000000000001000000000000010000000
00000000000000000000000000000000000000000000000000000000000000000000000000001000000000000000000000000000001000000000000010000000
00000000000000000000000000000000000000000000000000000000000000000000000000010000001000000000000000000000001000000000000010000000
00000000000000000000000000000000000000000000000000000000000000000000000001100000001000000000000000000000001000000000000100000000
00000000000000000000000000000000000000000000000000000000000000000000000001000000000001000000000000000000000000000000000100000000
00000000000000000000000000000000000000000000000000000000000000000000000010000000000100000000001000000000000100000000000100000000
00000000000000000000000000000000000000000000000000000000000000000000000000110000000011000000001000000000000100000000000100000000
00000000000000000000000000000000000000000000000000000000000000000000000011100000000010000000001000000000000010000000000100000000
00000000000000000000000000000000000000000000000000000000000000000000000011001100001110000000001000000000000110000000000100000000
00000000000000000000000000000000000000000000000000000000000000000000000001010000011110000000001110000111111001000000000100000000
00000000000000000000000000000000000000000000000000000000000000000000000000111111100100000000000111111100110001000000000100000000
00000000000000000000000000000000000000000000000000000000000000000000000000011000001000000000010100000001100010000000001100000000
00000000000000000000000000000000000000000000000000000000000000000000000000000000001000000000000000000011000100100000001000000000
00000000000000000000000000000000000000000000000000000000000000000000000000000000010010000000100100100110000100100100001000000000
00000000000000000000000000000000000000000000000000000000000000000000000000000000010100000000100101101100000101000100010000000000
00000000000000000000000000000000000000000000000000000000000000000000000000000000010000000001000011110000000101001000100000000000
00000000000000000000000000000000000000000000000000000000000000000000000000000000011000100010000000000000000011001111000000000000
00000000000000000000000000000000000000000000000000000000000000000000000000000000001111000110000000000000000001111100000000000000
00000000000000000000000000000000000000000000000000000000000000000000000000000000000011111000000000000000000000000000000000000000



